22.0000000 8.4852814 8.4852814 -1.8398300
21.0017182 8.5775685 8.3959103 -0.7808915
20.0029900 8.6330230 8.3439197 -0.0083102
19.0030041 8.6553496 8.3222919 0.2460761
18.0026376 25.1114639 8.3125385 12.0249831
17.0493293 40.3238288 8.9175062 -0.5918063
16.0464007 23.9439864 8.9664569 14.3713881
15.1954727 37.6305743 9.9942849 9.5661540
14.3393097 36.0017912 11.0338776 15.4841009
13.6642453 33.8757888 13.1392950 19.7294690
13.2345301 31.7988341 13.2386350 21.4775661
13.0611909 30.1147912 11.7988878 22.4976009
13.1969847 28.8569875 10.6736221 21.7692112
13.6346042 28.0116312 9.8232261 20.7545553
14.4434441 27.4940400 9.1933663 19.7996950
15.7805303 16.3363507 8.7490668 9.9951039
29.6452054 14.8982141 8.3209470 6.2215015
28.0952541 14.8104107 7.8972449 11.5115380
26.2667353 13.4996445 7.6007310 15.3062765
24.4562634 11.9258033 7.4722667 13.7865155
22.9453898 10.9114495 7.4444492 10.1159834
21.6814018 10.3802850 7.4408606 7.4504679
20.5420210 10.0771981 7.4457191 5.7461276
19.4645551 9.8784809 7.4595028 4.4484877
18.4214502 9.7416055 7.4776403 3.2873527
17.3984526 9.6540423 7.4910915 2.2077880
16.3869866 9.6117388 24.4343517 -19.3894511
15.6288561 11.1164275 26.4333669 -19.6432009
15.0583411 13.5811358 29.6519164 -18.9439698
14.6451235 14.7618919 34.6939152 -16.3574067
14.2893342 13.3214447 34.3663702 -17.2319797
14.1242803 12.1094505 33.0289456 -18.6244881
14.2423567 11.1088519 31.9599503 -19.5225889
14.7252480 10.3194521 31.1981612 -19.8315443
15.6916449 9.7324613 19.1907660 -18.2600978
17.1253614 9.3139165 13.0024722 -6.0010707
17.0945659 8.8496015 13.3398147 -7.6513742
17.4628798 8.4452535 13.0979989 -7.5830616
18.0138348 8.0861210 12.8401475 -7.4138166
18.7763214 7.7702280 12.5880869 -7.3344443
19.8437619 7.4989262 12.3243841 -7.6509583
21.4891003 7.2820257 11.9970770 -8.9861110
24.2814920 7.1508998 11.5051501 -8.8959113
23.0171352 7.0882870 11.0410826 -9.9677024
21.8113398 7.1357663 10.4993595 -9.1888642
20.6939085 7.2579305 10.0349614 -7.0215786
19.6449730 7.3983732 9.7086407 -4.9757127
18.6296434 7.5315796 9.4836335 -3.6978843
17.6278550 7.6623368 9.3073405 -3.0661042
16.6320903 7.8036238 9.1451559 -2.8145562
15.6400950 7.9664011 8.9792088 -2.8507926
