0.0000000 0.0000000 22.0000000 8.4852814 8.4852814 -1.2835150
-0.0000000 0.9997491 21.0008363 8.5493540 8.4226281 0.1204545
-0.0074665 1.9997190 20.0007388 8.5539105 8.4179605 1.3142053
-0.0142306 2.9994331 19.0005743 8.4979376 8.4726094 1.4297107
-0.0133516 3.9991214 18.0016398 8.4270239 8.5453446 0.8808674
-0.0041565 4.9989609 17.0027825 24.3949431 8.6034894 14.1836003
0.0097272 5.9683770 16.1059187 38.8633498 9.4491875 9.3293879
0.1043988 6.9505978 15.2206584 37.1408383 10.2875706 14.0452940
0.2495146 7.9097868 14.4751549 34.9886698 11.8740757 18.7840707
0.4663970 8.8313487 13.9617505 32.7471212 14.6015174 18.1284110
0.7821452 9.7277249 13.5807897 31.0230485 13.0305044 21.9284388
1.1794327 10.5659963 13.5585104 29.5193038 11.7112139 24.0786516
1.6700991 11.3359252 13.9877900 28.4244625 10.6996701 24.1357351
2.2606513 12.0316615 14.9435407 27.7815621 9.9835082 22.2298939
2.9502761 12.6491474 16.4688275 14.6700420 9.5071510 10.0893817
3.7607190 13.2081579 30.6919436 13.4961727 9.0512837 1.9931214
4.6151258 13.7265972 29.4871021 14.9690425 8.5423553 3.2935968
5.4745844 14.2345638 28.1750157 15.8327601 8.0590255 4.6621749
6.3421711 14.7251623 26.7778983 16.1013280 7.6099010 6.1724691
7.2205327 15.1909090 25.3187973 15.8482607 7.2066229 7.7253250
8.1120726 15.6234442 23.8336941 15.2171915 6.8623213 8.9555483
9.0192379 16.0143643 22.3756983 14.4138141 6.5864129 9.3685987
9.9443894 16.3572866 20.9976462 13.6433746 6.3773524 8.7306622
10.8884582 16.6500220 19.7250334 13.0358654 6.2202127 7.2409610
11.8496289 16.8955096 18.5503317 12.6333377 6.0919794 5.2900860
12.8239006 17.1011651 17.4496331 12.4295794 5.9688525 3.2180456
13.8066728 17.2772545 16.3990993 12.4064702 5.8312768 1.2627218
14.7938853 17.4351341 15.3816875 12.5486928 25.6642124 -12.0265155
15.7607727 17.5824876 14.5933467 14.1696622 26.6093466 -12.8490657
16.7120738 17.7959632 13.8876101 15.0636532 28.2105010 -14.3231556
17.6391506 18.0776125 13.2971121 13.4656138 31.1606972 -20.5441784
18.5096195 18.4227681 13.0559179 11.9934219 32.9596626 -23.0743788
19.3192994 18.8595893 13.1776328 10.8182537 31.5414576 -25.4978397
20.0508736 19.3882561 13.8550985 9.9503445 30.6154918 -24.8888066
20.7022666 20.0195764 15.1589378 9.3709693 21.6567642 -16.8861521
21.2891712 20.7753340 16.3125440 8.9301377 14.9332849 -20.1272764
21.7905561 21.5691877 18.9379347 8.6988438 11.4625891 -13.5988076
22.2118956 22.4450820 21.5419889 8.5123401 10.4348659 -9.0831670
22.5688934 23.3657503 23.8201547 8.3269981 10.1255773 -6.5786087
22.8788065 24.3095874 25.8523106 8.1428937 10.0599355 -5.1262892
23.1531615 25.2670558 25.5217939 7.9642528 10.0883038 -5.2099435
23.3988453 26.2321433 24.3494576 7.8227464 10.0613378 -5.5531032
23.6150827 27.2036768 23.1996644 7.7290485 9.9640713 -5.6173835
23.7998495 28.1815723 22.0801016 7.6804248 9.8271398 -5.3698239
23.9526744 29.1653846 20.9929799 7.6697640 9.6778532 -4.8049950
24.0748424 30.1543530 19.9355059 7.6852128 9.5387792 -3.9314084
24.1694593 31.1475030 18.9016415 7.7100563 9.4289380 -2.8233618
24.2414361 32.1436923 17.8840501 7.7256716 9.3625368 -1.6963977
24.2970900 33.1417034 16.8760236 7.7195100 9.3433871 -0.8804135
24.3429076 34.1405351 15.8726207 7.6935403 9.3589482 -0.6367505
24.3836111 35.1396445 14.8705403 7.6644060 9.3813664 -0.9640033
